# Input File Generated By SPARC ASE Calculator #
CELL:   12.433882395048860   11.265784602943826   47.537850741221725
LATVEC:
 1.000000000000000   0.000000000000000   0.000000000000000  
-0.000130020950961   0.999999991547276   0.000000000000000  
 0.000000000000000  -0.000000000000000   1.000000000000000  
BC: P P D
KPOINT_GRID: 1 1 1
KPOINT_SHIFT: 0 0 0
EXCHANGE_CORRELATION: HSE
TOL_FOCK: 5e-05
MAXIT_FOCK: 1000
ACE_FLAG: 1
EXX_ACE_MEM: 1
EXX_DIVERGENCE: AUXILIARY
EXX_RANGE_FOCK: 0.1587
EXX_RANGE_PBE: 0.1587
EXX_ACE_VALENCE_STATES: 10000
PRINT_FORCES: 1
PRINT_ATOMS: 1
PRINT_EIGEN: 1
TOL_SCF: 1e-06
MESH_SPACING: 0.18897261258369286
