[{"__ndarray__": [[6], "float64", [4.999998785957105, 5.000000364994472, 5.9221616451886865, 5.000001214042895, 4.999999635005528, 4.700816354811313]]}, {"__ndarray__": [[6], "float64", [8.967035283513579e-07, -2.058903052857596e-06, -0.030273142968757567, -8.967035283513579e-07, 2.058903052857596e-06, 0.030273142968757567]]}, -87.67781838538187, "START", {"__ndarray__": [[6, 6], "float64", [0.9999999999808767, -1.2875136720929013e-11, -4.344500412500195e-06, 1.9123174156498705e-11, 1.2875136720929013e-11, 4.344500412500196e-06, -1.2875136720929013e-11, 1.0000000000019116, -5.671346477669151e-07, 1.2875136720929011e-11, -1.911616550378686e-12, 5.671346477669151e-07, -4.344500412500195e-06, -5.671346477669151e-07, 0.5384815118005712, 4.3445004125001966e-06, 5.67134647766915e-07, 0.4615184881994289, 1.9123174156498705e-11, 1.2875136720929011e-11, 4.3445004125001966e-06, 0.9999999999808767, -1.2875136720929013e-11, -4.344500412500196e-06, 1.2875136720929013e-11, -1.911616550378686e-12, 5.67134647766915e-07, -1.2875136720929013e-11, 1.0000000000019116, -5.671346477669151e-07, 4.344500412500196e-06, 5.671346477669151e-07, 0.4615184881994289, -4.344500412500196e-06, -5.671346477669151e-07, 0.5384815118005712]]}]